optimum_circle_number =

     1    10    17    25    29    29    31


Global_optimal_parameter =

   -0.1538    0.0041    0.5607


global_optimal_path =

         0    0.8117    1.3630    2.1186    2.9412    3.7857    4.7000


element_sum =

   142


after_sort =

  1 至 15 列

  -28.0294  -28.0294  -28.0294  -28.0294  -28.0294  -28.0294  -28.0294  -28.0294  -28.0294  -28.0294  -28.0294  -28.0294  -28.0294  -28.0294  -28.0294

  16 至 30 列

  -28.0294  -28.0294  -28.0294  -28.0294  -28.0294  -28.0294  -28.0294  -27.9237  -27.9237  -27.9237  -27.9237  -27.9237  -27.9237  -27.9237  -27.9237

  31 至 45 列

  -27.9237  -27.9237  -27.9237  -27.9237  -27.9237  -27.9237  -27.9237  -27.9237  -27.9237  -27.9237  -27.9237  -27.9237  -27.9237  -27.9237  -27.9237

  46 至 60 列

  -27.9237  -27.9237  -27.9237  -27.9237  -27.9237  -27.9237  -27.9237  -27.9237  -27.9237  -27.9237  -27.9237  -27.9237  -27.9237  -27.9237  -27.9237

  61 至 75 列

  -27.9237  -27.9237  -27.9237  -27.9237  -27.9237  -27.9237  -27.9237  -27.9237  -27.9237  -27.9237  -27.9237  -27.9237  -27.9237  -27.9237  -27.9237

  76 至 90 列

  -27.9237  -27.9237  -27.9237  -27.9237  -27.9237  -27.9237  -27.9237  -27.9237  -27.9237  -27.9237  -27.9237  -27.9237  -27.9237  -27.9237  -27.9237

  91 至 105 列

  -27.9237  -27.9237  -27.9237  -27.9237  -27.9237  -27.9237  -27.9237  -27.9237  -27.9237  -27.9237  -27.9237  -27.9237  -27.9237  -27.9237  -27.9237

  106 至 120 列

  -27.9237  -27.9237  -27.9237  -27.9237  -27.9237  -27.9237  -27.9237  -27.9237  -27.9237  -27.9237  -27.9237  -27.8732  -27.8732  -27.8732  -27.8732

  121 至 135 列

  -27.8732  -27.8732  -27.8732  -27.8732  -27.8732  -27.8732  -27.8732  -27.8732  -27.8732  -27.8732  -27.8732  -27.8732  -27.8732  -27.8732  -27.8732

  136 至 150 列

  -27.8732  -27.7965  -27.6690  -27.6690  -27.6690  -27.6690  -27.6690  -27.6690  -27.6690  -27.6690  -27.6690  -27.6690  -27.6690  -27.6690  -27.6690

  151 至 165 列

  -27.6690  -27.6690  -27.6690  -27.6690  -27.6690  -27.6690  -27.6690  -27.6690  -27.6690  -27.6690  -27.6690  -27.6239  -27.6239  -27.6239  -27.6239

  166 至 180 列

  -27.6239  -27.6239  -27.6239  -27.6239  -27.6239  -27.6239  -27.6239  -27.5606  -27.5606  -27.3862  -27.3862  -27.3862  -27.3862  -27.3862  -27.3862

  181 至 195 列

  -27.3862  -27.3862  -26.6696  -26.6696  -26.6696  -26.3032  -26.3032  -26.3032  -26.3032  -26.3032  -26.3032  -26.2315  -26.2315  -26.2315  -26.1930

  196 至 200 列

  -26.1930  -26.1930  -26.1930  -26.0965  -23.2011

时间已过 6163.932458 秒。
>> 