optimum_circle_number =

     1    10    17    25    29    29    31


Global_optimal_parameter =

   -0.1538    0.0041    0.5607


global_optimal_path =

         0    0.8369    1.3745    2.1142    2.9411    3.7957    4.7000


element_sum =

   142


after_sort =

  1 至 15 列

  -28.0262  -28.0262  -28.0262  -28.0262  -28.0262  -28.0262  -28.0262  -28.0262  -28.0262  -28.0262  -28.0262  -28.0262  -28.0262  -28.0262  -28.0262

  16 至 30 列

  -28.0262  -28.0262  -28.0262  -28.0262  -28.0262  -28.0262  -28.0262  -28.0262  -28.0262  -28.0262  -28.0262  -28.0262  -28.0262  -28.0262  -28.0262

  31 至 45 列

  -28.0262  -28.0262  -28.0262  -28.0262  -28.0262  -28.0262  -28.0262  -28.0262  -28.0262  -28.0262  -28.0262  -28.0262  -28.0262  -28.0262  -28.0262

  46 至 60 列

  -28.0262  -28.0262  -28.0262  -28.0262  -28.0262  -28.0262  -28.0262  -28.0262  -28.0262  -28.0262  -28.0262  -28.0262  -28.0262  -28.0262  -28.0262

  61 至 75 列

  -28.0262  -28.0262  -28.0262  -28.0262  -28.0262  -28.0262  -28.0262  -28.0262  -28.0262  -28.0262  -28.0262  -28.0262  -28.0262  -28.0262  -28.0262

  76 至 90 列

  -28.0262  -28.0262  -28.0262  -28.0262  -28.0262  -28.0262  -28.0262  -28.0262  -28.0262  -28.0262  -28.0262  -28.0262  -28.0262  -28.0262  -28.0262

  91 至 105 列

  -28.0262  -28.0262  -28.0262  -28.0262  -28.0262  -28.0262  -28.0262  -28.0262  -28.0262  -28.0262  -28.0262  -28.0262  -28.0262  -28.0262  -28.0262

  106 至 120 列

  -28.0262  -28.0262  -28.0262  -28.0262  -28.0262  -27.8625  -27.8625  -27.8625  -27.8625  -27.8625  -27.8625  -27.8625  -27.8625  -27.8625  -27.8625

  121 至 135 列

  -27.8625  -27.8625  -27.8625  -27.8625  -27.8625  -27.8625  -27.8625  -27.8625  -27.8625  -27.8625  -27.8625  -27.8625  -27.8625  -27.8625  -27.8625

  136 至 150 列

  -27.8625  -27.8625  -27.8625  -27.8625  -27.8625  -27.8625  -27.8625  -27.8625  -27.8625  -27.8625  -27.8625  -27.8625  -27.8625  -27.8625  -27.8625

  151 至 165 列

  -27.8625  -27.8625  -27.8625  -27.8625  -27.8625  -27.8625  -27.8625  -27.8625  -27.8625  -27.8625  -27.8625  -27.8625  -27.8625  -27.8625  -27.8625

  166 至 180 列

  -27.8625  -27.8625  -27.8625  -27.8625  -27.8625  -27.8376  -27.8376  -27.8376  -27.8376  -27.8376  -27.8376  -27.8376  -27.8376  -27.8376  -27.8376

  181 至 195 列

  -27.8376  -27.8376  -27.8376  -27.8376  -27.8376  -27.8376  -27.8376  -27.8376  -27.8376  -27.8376  -27.8376  -27.3799  -27.1255  -27.1255  -27.1255

  196 至 200 列

  -27.1255  -27.1255  -24.8959  -24.8959  -24.2038

时间已过 6339.343553 秒。
>> 