optimum_circle_number =

     1    10    17    25    29    29    31


Global_optimal_parameter =

   -0.1538    0.0041    0.5607


global_optimal_path =

         0    0.8391    1.3690    2.1076    2.9394    3.7787    4.7000


element_sum =

   142


after_sort =

  1 至 15 列

  -28.1603  -28.1603  -28.1603  -28.1603  -28.1603  -28.1603  -28.1603  -28.1603  -28.1603  -28.1603  -28.1603  -28.1603  -28.1603  -28.1603  -28.1603

  16 至 30 列

  -28.1603  -28.1603  -28.1603  -28.1603  -28.1603  -28.1551  -28.1551  -28.1551  -28.1551  -28.1551  -28.1551  -28.1551  -28.1551  -28.1551  -28.1551

  31 至 45 列

  -28.1551  -28.1551  -28.1551  -28.1551  -28.1551  -28.1551  -28.1551  -28.1551  -28.1551  -28.1551  -28.1551  -28.1551  -28.1551  -28.1551  -28.1551

  46 至 60 列

  -28.1551  -28.1551  -28.1551  -28.1551  -28.1551  -28.1551  -28.1551  -28.0672  -28.0672  -28.0672  -28.0672  -28.0672  -28.0672  -28.0672  -28.0672

  61 至 75 列

  -28.0672  -28.0672  -27.9569  -27.9569  -27.9569  -27.9569  -27.9569  -27.9569  -27.9569  -27.9569  -27.9569  -27.9569  -27.9569  -27.9569  -27.9569

  76 至 90 列

  -27.9569  -27.9569  -27.9569  -27.9569  -27.9569  -27.9569  -27.9569  -27.9569  -27.9569  -27.9569  -27.9569  -27.9569  -27.9569  -27.9569  -27.9569

  91 至 105 列

  -27.9569  -27.9569  -27.9569  -27.9569  -27.9569  -27.9569  -27.9569  -27.9569  -27.9569  -27.9569  -27.9569  -27.9569  -27.9569  -27.9569  -27.9569

  106 至 120 列

  -27.9569  -27.9569  -27.9569  -27.9569  -27.9569  -27.9569  -27.9569  -27.9569  -27.9569  -27.9569  -27.9569  -27.9569  -27.9569  -27.9569  -27.9569

  121 至 135 列

  -27.9569  -27.9569  -27.9569  -27.9569  -27.9569  -27.9569  -27.9569  -27.9569  -27.9569  -27.9569  -27.9569  -27.9569  -27.9569  -27.9569  -27.9569

  136 至 150 列

  -27.9569  -27.9569  -27.9569  -27.9569  -27.9569  -27.9168  -27.9168  -27.9168  -27.9168  -27.9168  -27.9168  -27.9168  -27.9168  -27.9168  -27.9168

  151 至 165 列

  -27.9168  -27.9168  -27.9168  -27.9168  -27.9168  -27.9168  -27.9168  -27.9168  -27.9168  -27.9168  -27.9168  -27.9168  -27.8023  -27.8023  -27.4336

  166 至 180 列

  -27.4336  -27.4336  -27.4336  -27.4336  -27.4336  -27.4336  -27.4336  -27.4336  -27.4336  -27.4336  -27.4336  -27.4336  -27.4336  -27.4336  -27.4336

  181 至 195 列

  -27.4336  -27.4336  -27.4336  -27.4336  -27.4336  -27.4336  -27.4336  -27.4336  -27.4336  -27.4336  -27.3240  -27.3240  -27.3240  -27.3240  -27.3240

  196 至 200 列

  -27.3240  -27.3240  -26.4306  -26.4306  -24.2058

时间已过 5926.192527 秒。
>> 