optimum_circle_number =

     1    10    17    25    29    29    31


Global_optimal_parameter =

   -0.1538    0.0041    0.5607


global_optimal_path =

         0    0.8364    1.3697    2.1027    2.9468    3.7772    4.7000


element_sum =

   142


after_sort =

  1 至 15 列

  -28.1753  -28.1753  -28.1753  -28.1753  -28.1753  -28.1753  -28.1753  -28.1753  -28.1753  -28.1753  -28.1753  -28.1753  -28.1753  -28.1753  -28.1753

  16 至 30 列

  -28.1753  -28.1753  -28.1753  -28.1753  -28.1753  -28.1753  -28.1753  -28.1753  -28.1753  -28.1753  -28.1753  -28.1753  -28.1753  -28.1753  -28.1753

  31 至 45 列

  -28.1753  -28.1753  -28.1753  -28.1753  -28.1753  -28.1753  -28.1753  -28.1753  -28.1753  -28.1753  -28.1753  -28.1753  -28.1753  -28.1753  -28.1753

  91 至 105 列

  -28.1579  -28.1579  -28.1579  -28.1579  -28.1579  -28.1579  -28.1579  -28.1579  -28.1579  -28.1579  -28.1579  -28.1579  -28.1579  -28.1579  -28.1579

  106 至 120 列

  -28.1579  -28.1579  -28.1579  -28.1579  -28.1579  -28.1579  -28.1579  -28.1579  -28.1579  -28.1579  -28.1579  -28.1579  -28.1579  -28.1579  -28.1579

  121 至 135 列

  -28.1579  -28.1579  -28.1579  -28.1579  -28.1579  -28.1579  -28.1579  -28.1579  -28.1579  -28.1579  -28.1579  -28.1579  -28.1579  -28.1579  -28.1579

  136 至 150 列

  -28.1579  -28.1579  -28.1579  -28.1579  -28.1579  -28.1579  -28.1579  -28.1579  -28.1579  -28.1579  -28.1579  -28.1579  -28.1579  -28.1579  -28.1579
  301 至 315 列

  -27.8142  -27.8142  -27.8142  -27.8142  -27.8142  -27.8142  -27.8142  -27.8142  -27.8142  -27.8142  -27.8142  -27.8142  -27.8142  -27.8142  -27.8142

  316 至 330 列

  -27.8142  -27.8142  -27.8142  -27.8142  -27.8142  -27.8142  -27.8142  -27.8142  -27.8142  -27.8142  -27.8142  -27.8142  -27.8142  -27.8142  -27.8142

  331 至 345 列

  -27.8142  -27.8142  -27.8142  -27.8142  -27.8142  -27.8142  -27.8142  -27.8142  -27.8142  -27.8142  -27.8142  -27.8142  -27.8142  -27.8142  -27.8142

  346 至 360 列

  -27.8142  -27.8142  -27.8142  -27.8142  -27.8142  -27.8142  -27.8142  -27.8142  -27.7852  -27.7852  -27.7852  -27.7852  -27.7852  -27.7852  -27.7852

  361 至 375 列

  -27.7852  -27.7852  -27.7852  -27.7852  -27.7852  -27.7852  -27.7852  -27.7852  -27.7852  -27.7852  -27.7852  -27.7852  -27.7852  -27.7852  -27.7852

  376 至 390 列

  -27.7852  -27.1988  -27.1656  -27.1656  -27.1656  -27.1656  -27.1656  -27.1656  -27.1656  -27.1656  -27.1656  -27.1656  -27.1656  -27.1656  -27.1656

  391 至 400 列

   -25.3130  -25.0111  -25.0111  -25.0111  -25.0111