optimum_circle_number =

     1    10    17    25    29    29    31


Global_optimal_parameter =

   -0.1538    0.0041    0.5607


global_optimal_path =

         0    0.8220    1.3686    2.1075    2.9500    3.7635    4.7000


element_sum =

   142


after_sort =

  1 至 15 列

  -28.0835  -28.0835  -28.0835  -28.0835  -28.0835  -28.0835  -28.0835  -28.0835  -28.0835  -28.0835  -28.0835  -28.0835  -28.0835  -28.0835  -28.0835

  16 至 30 列

  -28.0835  -28.0835  -28.0835  -28.0835  -28.0835  -28.0835  -28.0835  -28.0835  -28.0835  -28.0835  -28.0835  -28.0835  -28.0835  -28.0835  -28.0835

  31 至 45 列

  -28.0835  -28.0835  -28.0835  -28.0835  -28.0835  -28.0835  -28.0835  -28.0835  -28.0835  -28.0835  -28.0835  -28.0835  -28.0835  -28.0835  -28.0835

  46 至 60 列

  -28.0835  -28.0835  -28.0835  -28.0835  -28.0835  -28.0835  -28.0835  -28.0835  -28.0835  -28.0835  -28.0835  -28.0835  -28.0835  -28.0835  -28.0835

  61 至 75 列

  -28.0835  -28.0835  -28.0835  -28.0835  -28.0835  -28.0835  -28.0835  -28.0835  -28.0835  -28.0835  -28.0835  -28.0835  -28.0835  -27.7857  -27.7857

  76 至 90 列

  -27.7857  -27.7857  -27.7857  -27.7857  -27.7857  -27.7857  -27.7857  -27.7857  -27.7857  -27.7857  -27.7733  -27.7733  -27.7733  -27.7733  -27.7733

  91 至 105 列

  -27.7733  -27.7733  -27.7733  -27.7733  -27.7733  -27.7733  -27.7733  -27.7733  -27.7733  -27.7733  -27.7733  -27.7733  -27.7733  -27.7733  -27.7733

  106 至 120 列

  -27.7733  -27.7733  -27.7733  -27.7733  -27.7733  -27.7733  -27.7733  -27.7733  -27.7733  -27.7733  -27.7733  -27.7733  -27.7733  -27.7733  -27.7733

  121 至 135 列

  -27.7733  -27.7733  -27.7733  -27.7733  -27.7733  -27.7733  -27.7733  -27.7733  -27.7733  -27.7733  -27.7733  -27.7733  -27.7733  -27.7733  -27.7733

  136 至 150 列

  -27.7733  -27.7733  -27.7733  -27.7733  -27.7733  -27.7733  -27.7733  -27.7733  -27.7733  -27.3623  -27.3623  -27.3623  -27.3552  -27.3552  -27.3552

  151 至 165 列

  -27.3552  -27.3552  -27.3552  -27.3552  -27.3552  -27.3552  -27.3552  -27.3552  -27.3552  -27.3552  -27.3552  -27.3552  -27.3552  -27.3552  -27.3552

  166 至 180 列

  -27.3552  -27.3552  -27.3552  -27.3552  -27.3552  -27.3552  -27.3552  -27.3552  -27.3552  -27.3552  -27.3552  -27.3552  -27.3552  -27.3552  -27.3552

  181 至 195 列

  -27.3552  -27.3552  -27.3552  -26.9371  -26.9371  -26.9371  -26.9371  -26.9371  -26.9371  -26.9371  -26.9371  -26.9371  -26.4792  -26.4792  -26.4792

  196 至 200 列

  -26.4792  -26.1498  -24.9232  -24.9232  -24.9232

时间已过 6305.186025 秒。
>> 