
 28.07                                                                                 27.82
x1=[0  0.77 1.32       2.09         2.92        3.77        4.70                        0.76    1.36      2.09        2.99         3.78        4.70]
y1=[1  1    1  26/26.264    30/36.694            27/47.375   33/59.062                  1       1         25/26.264   31/37.573    26/47.501   33/59.062]

cofficent1=
       a =     -0.1538  (-0.2078, -0.09973)
       b =    0.004088  (0.002347, 0.005828)
       c =      0.5607  (0.4597, 0.6618)




